(kicad_pcb (version 20171130) (host pcbnew "(5.1.8)-1")

  (general
    (thickness 1.6)
    (drawings 0)
    (tracks 0)
    (zones 0)
    (modules 124)
    (nets 157)
  )

  (page A4)
  (layers
    (0 F.Cu signal)
    (1 In1.Cu power)
    (2 In2.Cu power)
    (31 B.Cu signal)
    (32 B.Adhes user)
    (33 F.Adhes user)
    (34 B.Paste user)
    (35 F.Paste user)
    (36 B.SilkS user)
    (37 F.SilkS user)
    (38 B.Mask user)
    (39 F.Mask user)
    (40 Dwgs.User user)
    (41 Cmts.User user)
    (42 Eco1.User user)
    (43 Eco2.User user)
    (44 Edge.Cuts user)
    (45 Margin user)
    (46 B.CrtYd user)
    (47 F.CrtYd user)
    (48 B.Fab user)
    (49 F.Fab user)
  )

  (setup
    (last_trace_width 0.25)
    (trace_clearance 0.2)
    (zone_clearance 0.508)
    (zone_45_only no)
    (trace_min 0.2)
    (via_size 0.8)
    (via_drill 0.4)
    (via_min_size 0.4)
    (via_min_drill 0.3)
    (uvia_size 0.3)
    (uvia_drill 0.1)
    (uvias_allowed no)
    (uvia_min_size 0.2)
    (uvia_min_drill 0.1)
    (edge_width 0.05)
    (segment_width 0.2)
    (pcb_text_width 0.3)
    (pcb_text_size 1.5 1.5)
    (mod_edge_width 0.12)
    (mod_text_size 1 1)
    (mod_text_width 0.15)
    (pad_size 1.524 1.524)
    (pad_drill 0.762)
    (pad_to_mask_clearance 0)
    (aux_axis_origin 0 0)
    (visible_elements 7FFFFFFF)
    (pcbplotparams
      (layerselection 0x010fc_ffffffff)
      (usegerberextensions false)
      (usegerberattributes true)
      (usegerberadvancedattributes true)
      (creategerberjobfile true)
      (excludeedgelayer true)
      (linewidth 0.100000)
      (plotframeref false)
      (viasonmask false)
      (mode 1)
      (useauxorigin false)
      (hpglpennumber 1)
      (hpglpenspeed 20)
      (hpglpendiameter 15.000000)
      (psnegative false)
      (psa4output false)
      (plotreference true)
      (plotvalue true)
      (plotinvisibletext false)
      (padsonsilk false)
      (subtractmaskfromsilk false)
      (outputformat 1)
      (mirror false)
      (drillshape 1)
      (scaleselection 1)
      (outputdirectory ""))
  )

  (net 0 "")
  (net 1 +3V3)
  (net 2 GND)
  (net 3 +3.3VA)
  (net 4 VCAP_1)
  (net 5 VCAP_2)
  (net 6 HSE_OSC_IN)
  (net 7 "Net-(C14-Pad1)")
  (net 8 Vin)
  (net 9 +5V)
  (net 10 IMU_REG_OUT)
  (net 11 IMU_CAP_OUT)
  (net 12 V_CAP_ALT)
  (net 13 "Net-(C28-Pad1)")
  (net 14 "Net-(C33-Pad1)")
  (net 15 XSOC_Q1)
  (net 16 "Net-(C35-Pad1)")
  (net 17 "Net-(C36-Pad2)")
  (net 18 RF_ANT)
  (net 19 "Net-(C42-Pad2)")
  (net 20 "Net-(C43-Pad2)")
  (net 21 "Net-(C44-Pad1)")
  (net 22 GPS_RF_IN)
  (net 23 "Net-(C47-Pad2)")
  (net 24 "Net-(C48-Pad1)")
  (net 25 "Net-(D1-Pad1)")
  (net 26 STATUS_LED)
  (net 27 "Net-(D2-Pad1)")
  (net 28 "Net-(D3-Pad1)")
  (net 29 "Net-(J1-Pad2)")
  (net 30 "Net-(J1-Pad3)")
  (net 31 "Net-(J1-Pad4)")
  (net 32 "Net-(J1-Pad6)")
  (net 33 "Net-(J1-Pad8)")
  (net 34 "Net-(J1-Pad10)")
  (net 35 "Net-(J2-Pad3)")
  (net 36 "Net-(J2-Pad2)")
  (net 37 "Net-(J3-Pad2)")
  (net 38 "Net-(J3-Pad3)")
  (net 39 "Net-(J3-Pad4)")
  (net 40 "Net-(J4-Pad2)")
  (net 41 "Net-(J4-Pad3)")
  (net 42 "Net-(J5-Pad2)")
  (net 43 "Net-(J5-Pad3)")
  (net 44 "Net-(J5-Pad4)")
  (net 45 "Net-(J5-Pad5)")
  (net 46 "Net-(J6-Pad5)")
  (net 47 "Net-(J6-Pad4)")
  (net 48 "Net-(J6-Pad3)")
  (net 49 "Net-(J6-Pad2)")
  (net 50 "Net-(J7-Pad1)")
  (net 51 "Net-(J7-Pad2)")
  (net 52 "Net-(J7-Pad3)")
  (net 53 "Net-(J7-Pad4)")
  (net 54 "Net-(J7-PadS1)")
  (net 55 V+)
  (net 56 Input1)
  (net 57 Input2)
  (net 58 Input3)
  (net 59 Output3)
  (net 60 Output2)
  (net 61 Output1)
  (net 62 AGPIO1)
  (net 63 AGPIO2)
  (net 64 BOOT0)
  (net 65 "Net-(R1-Pad1)")
  (net 66 HSE_OSC_OUT)
  (net 67 I2C1_SCL)
  (net 68 I2C1_SDA)
  (net 69 I2C2_SCL)
  (net 70 I2C2_SDA)
  (net 71 ALT_INT_2)
  (net 72 "Net-(J3-Pad5)")
  (net 73 ALT_INT_1)
  (net 74 SWDIO)
  (net 75 SWCLK)
  (net 76 SWO)
  (net 77 NRST)
  (net 78 UART1_TX)
  (net 79 UART1_RX)
  (net 80 SPI1_SCK)
  (net 81 SPI1_MISO)
  (net 82 SPI1_MOSI)
  (net 83 RF_CS)
  (net 84 SPI2_SCK)
  (net 85 SPI2_MISO)
  (net 86 SPI2_MOSI)
  (net 87 FLASH_CS)
  (net 88 USB_D-)
  (net 89 USB_D+)
  (net 90 ~WP)
  (net 91 ~HOLD)
  (net 92 "Net-(R34-Pad1)")
  (net 93 XSOC_Q2)
  (net 94 "Net-(R36-Pad1)")
  (net 95 GPS_RF_VCC)
  (net 96 "Net-(U1-Pad1)")
  (net 97 "Net-(U1-Pad2)")
  (net 98 "Net-(U1-Pad3)")
  (net 99 "Net-(U1-Pad4)")
  (net 100 "Net-(U1-Pad5)")
  (net 101 "Net-(U1-Pad7)")
  (net 102 "Net-(U1-Pad8)")
  (net 103 "Net-(U1-Pad9)")
  (net 104 "Net-(U1-Pad15)")
  (net 105 "Net-(U1-Pad16)")
  (net 106 "Net-(U1-Pad17)")
  (net 107 "Net-(U1-Pad18)")
  (net 108 "Net-(U1-Pad21)")
  (net 109 "Net-(U1-Pad23)")
  (net 110 "Net-(U1-Pad24)")
  (net 111 "Net-(U1-Pad26)")
  (net 112 "Net-(U1-Pad29)")
  (net 113 RF_HGM)
  (net 114 RF_LNA_EN)
  (net 115 RF_PA_EN)
  (net 116 RF_GPO1)
  (net 117 RF_GPO0)
  (net 118 "Net-(U1-Pad39)")
  (net 119 "Net-(U1-Pad40)")
  (net 120 "Net-(U1-Pad41)")
  (net 121 "Net-(U1-Pad42)")
  (net 122 "Net-(U1-Pad43)")
  (net 123 "Net-(U1-Pad44)")
  (net 124 "Net-(U1-Pad55)")
  (net 125 "Net-(U1-Pad56)")
  (net 126 "Net-(U1-Pad57)")
  (net 127 "Net-(U1-Pad58)")
  (net 128 "Net-(U1-Pad59)")
  (net 129 "Net-(U1-Pad60)")
  (net 130 "Net-(U1-Pad61)")
  (net 131 "Net-(U1-Pad62)")
  (net 132 "Net-(U1-Pad63)")
  (net 133 ~GPS_SAFEBOOT)
  (net 134 GPS_LNA_EN)
  (net 135 TIME_PULSE)
  (net 136 ~GPS_RESET)
  (net 137 "Net-(U1-Pad77)")
  (net 138 "Net-(U1-Pad78)")
  (net 139 "Net-(U1-Pad79)")
  (net 140 "Net-(U1-Pad88)")
  (net 141 "Net-(U1-Pad90)")
  (net 142 IMU_INT)
  (net 143 "Net-(U1-Pad95)")
  (net 144 "Net-(U1-Pad96)")
  (net 145 "Net-(U1-Pad97)")
  (net 146 "Net-(U1-Pad98)")
  (net 147 "Net-(U4-Pad1)")
  (net 148 "Net-(U4-Pad6)")
  (net 149 "Net-(U4-Pad7)")
  (net 150 "Net-(U4-Pad11)")
  (net 151 RF_P)
  (net 152 RF_N)
  (net 153 "Net-(U9-Pad5)")
  (net 154 "Net-(U9-Pad15)")
  (net 155 "Net-(U9-Pad16)")
  (net 156 "Net-(U9-Pad17)")

  (net_class Default "This is the default net class."
    (clearance 0.2)
    (trace_width 0.25)
    (via_dia 0.8)
    (via_drill 0.4)
    (uvia_dia 0.3)
    (uvia_drill 0.1)
    (add_net +3.3VA)
    (add_net +3V3)
    (add_net +5V)
    (add_net AGPIO1)
    (add_net AGPIO2)
    (add_net ALT_INT_1)
    (add_net ALT_INT_2)
    (add_net BOOT0)
    (add_net FLASH_CS)
    (add_net GND)
    (add_net GPS_LNA_EN)
    (add_net GPS_RF_IN)
    (add_net GPS_RF_VCC)
    (add_net HSE_OSC_IN)
    (add_net HSE_OSC_OUT)
    (add_net I2C1_SCL)
    (add_net I2C1_SDA)
    (add_net I2C2_SCL)
    (add_net I2C2_SDA)
    (add_net IMU_CAP_OUT)
    (add_net IMU_INT)
    (add_net IMU_REG_OUT)
    (add_net Input1)
    (add_net Input2)
    (add_net Input3)
    (add_net NRST)
    (add_net "Net-(C14-Pad1)")
    (add_net "Net-(C28-Pad1)")
    (add_net "Net-(C33-Pad1)")
    (add_net "Net-(C35-Pad1)")
    (add_net "Net-(C36-Pad2)")
    (add_net "Net-(C42-Pad2)")
    (add_net "Net-(C43-Pad2)")
    (add_net "Net-(C44-Pad1)")
    (add_net "Net-(C47-Pad2)")
    (add_net "Net-(C48-Pad1)")
    (add_net "Net-(D1-Pad1)")
    (add_net "Net-(D2-Pad1)")
    (add_net "Net-(D3-Pad1)")
    (add_net "Net-(J1-Pad10)")
    (add_net "Net-(J1-Pad2)")
    (add_net "Net-(J1-Pad3)")
    (add_net "Net-(J1-Pad4)")
    (add_net "Net-(J1-Pad6)")
    (add_net "Net-(J1-Pad8)")
    (add_net "Net-(J2-Pad2)")
    (add_net "Net-(J2-Pad3)")
    (add_net "Net-(J3-Pad2)")
    (add_net "Net-(J3-Pad3)")
    (add_net "Net-(J3-Pad4)")
    (add_net "Net-(J3-Pad5)")
    (add_net "Net-(J4-Pad2)")
    (add_net "Net-(J4-Pad3)")
    (add_net "Net-(J5-Pad2)")
    (add_net "Net-(J5-Pad3)")
    (add_net "Net-(J5-Pad4)")
    (add_net "Net-(J5-Pad5)")
    (add_net "Net-(J6-Pad2)")
    (add_net "Net-(J6-Pad3)")
    (add_net "Net-(J6-Pad4)")
    (add_net "Net-(J6-Pad5)")
    (add_net "Net-(J7-Pad1)")
    (add_net "Net-(J7-Pad2)")
    (add_net "Net-(J7-Pad3)")
    (add_net "Net-(J7-Pad4)")
    (add_net "Net-(J7-PadS1)")
    (add_net "Net-(R1-Pad1)")
    (add_net "Net-(R34-Pad1)")
    (add_net "Net-(R36-Pad1)")
    (add_net "Net-(U1-Pad1)")
    (add_net "Net-(U1-Pad15)")
    (add_net "Net-(U1-Pad16)")
    (add_net "Net-(U1-Pad17)")
    (add_net "Net-(U1-Pad18)")
    (add_net "Net-(U1-Pad2)")
    (add_net "Net-(U1-Pad21)")
    (add_net "Net-(U1-Pad23)")
    (add_net "Net-(U1-Pad24)")
    (add_net "Net-(U1-Pad26)")
    (add_net "Net-(U1-Pad29)")
    (add_net "Net-(U1-Pad3)")
    (add_net "Net-(U1-Pad39)")
    (add_net "Net-(U1-Pad4)")
    (add_net "Net-(U1-Pad40)")
    (add_net "Net-(U1-Pad41)")
    (add_net "Net-(U1-Pad42)")
    (add_net "Net-(U1-Pad43)")
    (add_net "Net-(U1-Pad44)")
    (add_net "Net-(U1-Pad5)")
    (add_net "Net-(U1-Pad55)")
    (add_net "Net-(U1-Pad56)")
    (add_net "Net-(U1-Pad57)")
    (add_net "Net-(U1-Pad58)")
    (add_net "Net-(U1-Pad59)")
    (add_net "Net-(U1-Pad60)")
    (add_net "Net-(U1-Pad61)")
    (add_net "Net-(U1-Pad62)")
    (add_net "Net-(U1-Pad63)")
    (add_net "Net-(U1-Pad7)")
    (add_net "Net-(U1-Pad77)")
    (add_net "Net-(U1-Pad78)")
    (add_net "Net-(U1-Pad79)")
    (add_net "Net-(U1-Pad8)")
    (add_net "Net-(U1-Pad88)")
    (add_net "Net-(U1-Pad9)")
    (add_net "Net-(U1-Pad90)")
    (add_net "Net-(U1-Pad95)")
    (add_net "Net-(U1-Pad96)")
    (add_net "Net-(U1-Pad97)")
    (add_net "Net-(U1-Pad98)")
    (add_net "Net-(U4-Pad1)")
    (add_net "Net-(U4-Pad11)")
    (add_net "Net-(U4-Pad6)")
    (add_net "Net-(U4-Pad7)")
    (add_net "Net-(U9-Pad15)")
    (add_net "Net-(U9-Pad16)")
    (add_net "Net-(U9-Pad17)")
    (add_net "Net-(U9-Pad5)")
    (add_net Output1)
    (add_net Output2)
    (add_net Output3)
    (add_net RF_ANT)
    (add_net RF_CS)
    (add_net RF_GPO0)
    (add_net RF_GPO1)
    (add_net RF_HGM)
    (add_net RF_LNA_EN)
    (add_net RF_N)
    (add_net RF_P)
    (add_net RF_PA_EN)
    (add_net SPI1_MISO)
    (add_net SPI1_MOSI)
    (add_net SPI1_SCK)
    (add_net SPI2_MISO)
    (add_net SPI2_MOSI)
    (add_net SPI2_SCK)
    (add_net STATUS_LED)
    (add_net SWCLK)
    (add_net SWDIO)
    (add_net SWO)
    (add_net TIME_PULSE)
    (add_net UART1_RX)
    (add_net UART1_TX)
    (add_net USB_D+)
    (add_net USB_D-)
    (add_net V+)
    (add_net VCAP_1)
    (add_net VCAP_2)
    (add_net V_CAP_ALT)
    (add_net Vin)
    (add_net XSOC_Q1)
    (add_net XSOC_Q2)
    (add_net ~GPS_RESET)
    (add_net ~GPS_SAFEBOOT)
    (add_net ~HOLD)
    (add_net ~WP)
  )

  (module Connector_Wire:SolderWire-0.25sqmm_1x06_P4.2mm_D0.65mm_OD1.7mm (layer F.Cu) (tedit 5EB70B43) (tstamp 5FEF85CD)
    (at 134.62 1.27)
    (descr "Soldered wire connection, for 6 times 0.25 mm² wires, basic insulation, conductor diameter 0.65mm, outer diameter 1.7mm, size source Multi-Contact FLEXI-E_0.25 (https://ec.staubli.com/AcroFiles/Catalogues/TM_Cab-Main-11014119_(en)_hi.pdf), bend radius 3 times outer diameter, generated with kicad-footprint-generator")
    (tags "connector wire 0.25sqmm")
    (path /5FF33B0C)
    (attr virtual)
    (fp_text reference J6 (at 10.5 -2.12) (layer F.SilkS)
      (effects (font (size 1 1) (thickness 0.15)))
    )
    (fp_text value SPI2 (at 10.5 2.12) (layer F.Fab)
      (effects (font (size 1 1) (thickness 0.15)))
    )
    (fp_text user %R (at 10.5 0 90) (layer F.Fab)
      (effects (font (size 0.71 0.71) (thickness 0.11)))
    )
    (fp_circle (center 0 0) (end 0.85 0) (layer F.Fab) (width 0.1))
    (fp_circle (center 4.2 0) (end 5.05 0) (layer F.Fab) (width 0.1))
    (fp_circle (center 8.4 0) (end 9.25 0) (layer F.Fab) (width 0.1))
    (fp_circle (center 12.6 0) (end 13.45 0) (layer F.Fab) (width 0.1))
    (fp_circle (center 16.8 0) (end 17.65 0) (layer F.Fab) (width 0.1))
    (fp_circle (center 21 0) (end 21.85 0) (layer F.Fab) (width 0.1))
    (fp_line (start -1.6 -1.42) (end -1.6 1.42) (layer F.CrtYd) (width 0.05))
    (fp_line (start -1.6 1.42) (end 1.6 1.42) (layer F.CrtYd) (width 0.05))
    (fp_line (start 1.6 1.42) (end 1.6 -1.42) (layer F.CrtYd) (width 0.05))
    (fp_line (start 1.6 -1.42) (end -1.6 -1.42) (layer F.CrtYd) (width 0.05))
    (fp_line (start 2.6 -1.42) (end 2.6 1.42) (layer F.CrtYd) (width 0.05))
    (fp_line (start 2.6 1.42) (end 5.8 1.42) (layer F.CrtYd) (width 0.05))
    (fp_line (start 5.8 1.42) (end 5.8 -1.42) (layer F.CrtYd) (width 0.05))
    (fp_line (start 5.8 -1.42) (end 2.6 -1.42) (layer F.CrtYd) (width 0.05))
    (fp_line (start 6.8 -1.42) (end 6.8 1.42) (layer F.CrtYd) (width 0.05))
    (fp_line (start 6.8 1.42) (end 10 1.42) (layer F.CrtYd) (width 0.05))
    (fp_line (start 10 1.42) (end 10 -1.42) (layer F.CrtYd) (width 0.05))
    (fp_line (start 10 -1.42) (end 6.8 -1.42) (layer F.CrtYd) (width 0.05))
    (fp_line (start 11 -1.42) (end 11 1.42) (layer F.CrtYd) (width 0.05))
    (fp_line (start 11 1.42) (end 14.2 1.42) (layer F.CrtYd) (width 0.05))
    (fp_line (start 14.2 1.42) (end 14.2 -1.42) (layer F.CrtYd) (width 0.05))
    (fp_line (start 14.2 -1.42) (end 11 -1.42) (layer F.CrtYd) (width 0.05))
    (fp_line (start 15.2 -1.42) (end 15.2 1.42) (layer F.CrtYd) (width 0.05))
    (fp_line (start 15.2 1.42) (end 18.4 1.42) (layer F.CrtYd) (width 0.05))
    (fp_line (start 18.4 1.42) (end 18.4 -1.42) (layer F.CrtYd) (width 0.05))
    (fp_line (start 18.4 -1.42) (end 15.2 -1.42) (layer F.CrtYd) (width 0.05))
    (fp_line (start 19.4 -1.42) (end 19.4 1.42) (layer F.CrtYd) (width 0.05))
    (fp_line (start 19.4 1.42) (end 22.6 1.42) (layer F.CrtYd) (width 0.05))
    (fp_line (start 22.6 1.42) (end 22.6 -1.42) (layer F.CrtYd) (width 0.05))
    (fp_line (start 22.6 -1.42) (end 19.4 -1.42) (layer F.CrtYd) (width 0.05))
    (pad 6 thru_hole circle (at 21 0) (size 1.85 1.85) (drill 0.85) (layers *.Cu *.Mask)
      (net 2 GND))
    (pad 5 thru_hole circle (at 16.8 0) (size 1.85 1.85) (drill 0.85) (layers *.Cu *.Mask)
      (net 46 "Net-(J6-Pad5)"))
    (pad 4 thru_hole circle (at 12.6 0) (size 1.85 1.85) (drill 0.85) (layers *.Cu *.Mask)
      (net 47 "Net-(J6-Pad4)"))
    (pad 3 thru_hole circle (at 8.4 0) (size 1.85 1.85) (drill 0.85) (layers *.Cu *.Mask)
      (net 48 "Net-(J6-Pad3)"))
    (pad 2 thru_hole circle (at 4.2 0) (size 1.85 1.85) (drill 0.85) (layers *.Cu *.Mask)
      (net 49 "Net-(J6-Pad2)"))
    (pad 1 thru_hole roundrect (at 0 0) (size 1.85 1.85) (drill 0.85) (layers *.Cu *.Mask) (roundrect_rratio 0.135135)
      (net 1 +3V3))
    (model ${KISYS3DMOD}/Connector_Wire.3dshapes/SolderWire-0.25sqmm_1x06_P4.2mm_D0.65mm_OD1.7mm.wrl
      (at (xyz 0 0 0))
      (scale (xyz 1 1 1))
      (rotate (xyz 0 0 0))
    )
  )

  (module Connector_Wire:SolderWire-0.25sqmm_1x06_P4.2mm_D0.65mm_OD1.7mm (layer F.Cu) (tedit 5EB70B43) (tstamp 5FEF85AA)
    (at 104.14 1.27)
    (descr "Soldered wire connection, for 6 times 0.25 mm² wires, basic insulation, conductor diameter 0.65mm, outer diameter 1.7mm, size source Multi-Contact FLEXI-E_0.25 (https://ec.staubli.com/AcroFiles/Catalogues/TM_Cab-Main-11014119_(en)_hi.pdf), bend radius 3 times outer diameter, generated with kicad-footprint-generator")
    (tags "connector wire 0.25sqmm")
    (path /5FF07B5B)
    (attr virtual)
    (fp_text reference J5 (at 10.5 -2.12) (layer F.SilkS)
      (effects (font (size 1 1) (thickness 0.15)))
    )
    (fp_text value SPI1 (at 10.5 2.12) (layer F.Fab)
      (effects (font (size 1 1) (thickness 0.15)))
    )
    (fp_text user %R (at 10.5 0 90) (layer F.Fab)
      (effects (font (size 0.71 0.71) (thickness 0.11)))
    )
    (fp_circle (center 0 0) (end 0.85 0) (layer F.Fab) (width 0.1))
    (fp_circle (center 4.2 0) (end 5.05 0) (layer F.Fab) (width 0.1))
    (fp_circle (center 8.4 0) (end 9.25 0) (layer F.Fab) (width 0.1))
    (fp_circle (center 12.6 0) (end 13.45 0) (layer F.Fab) (width 0.1))
    (fp_circle (center 16.8 0) (end 17.65 0) (layer F.Fab) (width 0.1))
    (fp_circle (center 21 0) (end 21.85 0) (layer F.Fab) (width 0.1))
    (fp_line (start -1.6 -1.42) (end -1.6 1.42) (layer F.CrtYd) (width 0.05))
    (fp_line (start -1.6 1.42) (end 1.6 1.42) (layer F.CrtYd) (width 0.05))
    (fp_line (start 1.6 1.42) (end 1.6 -1.42) (layer F.CrtYd) (width 0.05))
    (fp_line (start 1.6 -1.42) (end -1.6 -1.42) (layer F.CrtYd) (width 0.05))
    (fp_line (start 2.6 -1.42) (end 2.6 1.42) (layer F.CrtYd) (width 0.05))
    (fp_line (start 2.6 1.42) (end 5.8 1.42) (layer F.CrtYd) (width 0.05))
    (fp_line (start 5.8 1.42) (end 5.8 -1.42) (layer F.CrtYd) (width 0.05))
    (fp_line (start 5.8 -1.42) (end 2.6 -1.42) (layer F.CrtYd) (width 0.05))
    (fp_line (start 6.8 -1.42) (end 6.8 1.42) (layer F.CrtYd) (width 0.05))
    (fp_line (start 6.8 1.42) (end 10 1.42) (layer F.CrtYd) (width 0.05))
    (fp_line (start 10 1.42) (end 10 -1.42) (layer F.CrtYd) (width 0.05))
    (fp_line (start 10 -1.42) (end 6.8 -1.42) (layer F.CrtYd) (width 0.05))
    (fp_line (start 11 -1.42) (end 11 1.42) (layer F.CrtYd) (width 0.05))
    (fp_line (start 11 1.42) (end 14.2 1.42) (layer F.CrtYd) (width 0.05))
    (fp_line (start 14.2 1.42) (end 14.2 -1.42) (layer F.CrtYd) (width 0.05))
    (fp_line (start 14.2 -1.42) (end 11 -1.42) (layer F.CrtYd) (width 0.05))
    (fp_line (start 15.2 -1.42) (end 15.2 1.42) (layer F.CrtYd) (width 0.05))
    (fp_line (start 15.2 1.42) (end 18.4 1.42) (layer F.CrtYd) (width 0.05))
    (fp_line (start 18.4 1.42) (end 18.4 -1.42) (layer F.CrtYd) (width 0.05))
    (fp_line (start 18.4 -1.42) (end 15.2 -1.42) (layer F.CrtYd) (width 0.05))
    (fp_line (start 19.4 -1.42) (end 19.4 1.42) (layer F.CrtYd) (width 0.05))
    (fp_line (start 19.4 1.42) (end 22.6 1.42) (layer F.CrtYd) (width 0.05))
    (fp_line (start 22.6 1.42) (end 22.6 -1.42) (layer F.CrtYd) (width 0.05))
    (fp_line (start 22.6 -1.42) (end 19.4 -1.42) (layer F.CrtYd) (width 0.05))
    (pad 6 thru_hole circle (at 21 0) (size 1.85 1.85) (drill 0.85) (layers *.Cu *.Mask)
      (net 2 GND))
    (pad 5 thru_hole circle (at 16.8 0) (size 1.85 1.85) (drill 0.85) (layers *.Cu *.Mask)
      (net 45 "Net-(J5-Pad5)"))
    (pad 4 thru_hole circle (at 12.6 0) (size 1.85 1.85) (drill 0.85) (layers *.Cu *.Mask)
      (net 44 "Net-(J5-Pad4)"))
    (pad 3 thru_hole circle (at 8.4 0) (size 1.85 1.85) (drill 0.85) (layers *.Cu *.Mask)
      (net 43 "Net-(J5-Pad3)"))
    (pad 2 thru_hole circle (at 4.2 0) (size 1.85 1.85) (drill 0.85) (layers *.Cu *.Mask)
      (net 42 "Net-(J5-Pad2)"))
    (pad 1 thru_hole roundrect (at 0 0) (size 1.85 1.85) (drill 0.85) (layers *.Cu *.Mask) (roundrect_rratio 0.135135)
      (net 1 +3V3))
    (model ${KISYS3DMOD}/Connector_Wire.3dshapes/SolderWire-0.25sqmm_1x06_P4.2mm_D0.65mm_OD1.7mm.wrl
      (at (xyz 0 0 0))
      (scale (xyz 1 1 1))
      (rotate (xyz 0 0 0))
    )
  )

  (module Connector_Wire:SolderWire-0.25sqmm_1x06_P4.2mm_D0.65mm_OD1.7mm (layer F.Cu) (tedit 5EB70B43) (tstamp 5FEF856A)
    (at 74.93 1.27)
    (descr "Soldered wire connection, for 6 times 0.25 mm² wires, basic insulation, conductor diameter 0.65mm, outer diameter 1.7mm, size source Multi-Contact FLEXI-E_0.25 (https://ec.staubli.com/AcroFiles/Catalogues/TM_Cab-Main-11014119_(en)_hi.pdf), bend radius 3 times outer diameter, generated with kicad-footprint-generator")
    (tags "connector wire 0.25sqmm")
    (path /5FEAC219)
    (attr virtual)
    (fp_text reference J3 (at 10.5 -2.12) (layer F.SilkS)
      (effects (font (size 1 1) (thickness 0.15)))
    )
    (fp_text value I2C2 (at 10.5 2.12) (layer F.Fab)
      (effects (font (size 1 1) (thickness 0.15)))
    )
    (fp_text user %R (at 10.5 0 90) (layer F.Fab)
      (effects (font (size 0.71 0.71) (thickness 0.11)))
    )
    (fp_circle (center 0 0) (end 0.85 0) (layer F.Fab) (width 0.1))
    (fp_circle (center 4.2 0) (end 5.05 0) (layer F.Fab) (width 0.1))
    (fp_circle (center 8.4 0) (end 9.25 0) (layer F.Fab) (width 0.1))
    (fp_circle (center 12.6 0) (end 13.45 0) (layer F.Fab) (width 0.1))
    (fp_circle (center 16.8 0) (end 17.65 0) (layer F.Fab) (width 0.1))
    (fp_circle (center 21 0) (end 21.85 0) (layer F.Fab) (width 0.1))
    (fp_line (start -1.6 -1.42) (end -1.6 1.42) (layer F.CrtYd) (width 0.05))
    (fp_line (start -1.6 1.42) (end 1.6 1.42) (layer F.CrtYd) (width 0.05))
    (fp_line (start 1.6 1.42) (end 1.6 -1.42) (layer F.CrtYd) (width 0.05))
    (fp_line (start 1.6 -1.42) (end -1.6 -1.42) (layer F.CrtYd) (width 0.05))
    (fp_line (start 2.6 -1.42) (end 2.6 1.42) (layer F.CrtYd) (width 0.05))
    (fp_line (start 2.6 1.42) (end 5.8 1.42) (layer F.CrtYd) (width 0.05))
    (fp_line (start 5.8 1.42) (end 5.8 -1.42) (layer F.CrtYd) (width 0.05))
    (fp_line (start 5.8 -1.42) (end 2.6 -1.42) (layer F.CrtYd) (width 0.05))
    (fp_line (start 6.8 -1.42) (end 6.8 1.42) (layer F.CrtYd) (width 0.05))
    (fp_line (start 6.8 1.42) (end 10 1.42) (layer F.CrtYd) (width 0.05))
    (fp_line (start 10 1.42) (end 10 -1.42) (layer F.CrtYd) (width 0.05))
    (fp_line (start 10 -1.42) (end 6.8 -1.42) (layer F.CrtYd) (width 0.05))
    (fp_line (start 11 -1.42) (end 11 1.42) (layer F.CrtYd) (width 0.05))
    (fp_line (start 11 1.42) (end 14.2 1.42) (layer F.CrtYd) (width 0.05))
    (fp_line (start 14.2 1.42) (end 14.2 -1.42) (layer F.CrtYd) (width 0.05))
    (fp_line (start 14.2 -1.42) (end 11 -1.42) (layer F.CrtYd) (width 0.05))
    (fp_line (start 15.2 -1.42) (end 15.2 1.42) (layer F.CrtYd) (width 0.05))
    (fp_line (start 15.2 1.42) (end 18.4 1.42) (layer F.CrtYd) (width 0.05))
    (fp_line (start 18.4 1.42) (end 18.4 -1.42) (layer F.CrtYd) (width 0.05))
    (fp_line (start 18.4 -1.42) (end 15.2 -1.42) (layer F.CrtYd) (width 0.05))
    (fp_line (start 19.4 -1.42) (end 19.4 1.42) (layer F.CrtYd) (width 0.05))
    (fp_line (start 19.4 1.42) (end 22.6 1.42) (layer F.CrtYd) (width 0.05))
    (fp_line (start 22.6 1.42) (end 22.6 -1.42) (layer F.CrtYd) (width 0.05))
    (fp_line (start 22.6 -1.42) (end 19.4 -1.42) (layer F.CrtYd) (width 0.05))
    (pad 6 thru_hole circle (at 21 0) (size 1.85 1.85) (drill 0.85) (layers *.Cu *.Mask)
      (net 2 GND))
    (pad 5 thru_hole circle (at 16.8 0) (size 1.85 1.85) (drill 0.85) (layers *.Cu *.Mask)
      (net 72 "Net-(J3-Pad5)"))
    (pad 4 thru_hole circle (at 12.6 0) (size 1.85 1.85) (drill 0.85) (layers *.Cu *.Mask)
      (net 39 "Net-(J3-Pad4)"))
    (pad 3 thru_hole circle (at 8.4 0) (size 1.85 1.85) (drill 0.85) (layers *.Cu *.Mask)
      (net 38 "Net-(J3-Pad3)"))
    (pad 2 thru_hole circle (at 4.2 0) (size 1.85 1.85) (drill 0.85) (layers *.Cu *.Mask)
      (net 37 "Net-(J3-Pad2)"))
    (pad 1 thru_hole roundrect (at 0 0) (size 1.85 1.85) (drill 0.85) (layers *.Cu *.Mask) (roundrect_rratio 0.135135)
      (net 1 +3V3))
    (model ${KISYS3DMOD}/Connector_Wire.3dshapes/SolderWire-0.25sqmm_1x06_P4.2mm_D0.65mm_OD1.7mm.wrl
      (at (xyz 0 0 0))
      (scale (xyz 1 1 1))
      (rotate (xyz 0 0 0))
    )
  )

  (module Capacitor_SMD:C_0805_2012Metric (layer F.Cu) (tedit 5F68FEEE) (tstamp 5FEF8173)
    (at 156.035001 64.735001)
    (descr "Capacitor SMD 0805 (2012 Metric), square (rectangular) end terminal, IPC_7351 nominal, (Body size source: IPC-SM-782 page 76, https://www.pcb-3d.com/wordpress/wp-content/uploads/ipc-sm-782a_amendment_1_and_2.pdf, https://docs.google.com/spreadsheets/d/1BsfQQcO9C6DZCsRaXUlFlo91Tg2WpOkGARC1WS5S8t0/edit?usp=sharing), generated with kicad-footprint-generator")
    (tags capacitor)
    (path /5FE49B67)
    (attr smd)
    (fp_text reference C1 (at 0 -1.68) (layer F.SilkS)
      (effects (font (size 1 1) (thickness 0.15)))
    )
    (fp_text value 4.7uF (at 0 1.68) (layer F.Fab)
      (effects (font (size 1 1) (thickness 0.15)))
    )
    (fp_line (start -1 0.625) (end -1 -0.625) (layer F.Fab) (width 0.1))
    (fp_line (start -1 -0.625) (end 1 -0.625) (layer F.Fab) (width 0.1))
    (fp_line (start 1 -0.625) (end 1 0.625) (layer F.Fab) (width 0.1))
    (fp_line (start 1 0.625) (end -1 0.625) (layer F.Fab) (width 0.1))
    (fp_line (start -0.261252 -0.735) (end 0.261252 -0.735) (layer F.SilkS) (width 0.12))
    (fp_line (start -0.261252 0.735) (end 0.261252 0.735) (layer F.SilkS) (width 0.12))
    (fp_line (start -1.7 0.98) (end -1.7 -0.98) (layer F.CrtYd) (width 0.05))
    (fp_line (start -1.7 -0.98) (end 1.7 -0.98) (layer F.CrtYd) (width 0.05))
    (fp_line (start 1.7 -0.98) (end 1.7 0.98) (layer F.CrtYd) (width 0.05))
    (fp_line (start 1.7 0.98) (end -1.7 0.98) (layer F.CrtYd) (width 0.05))
    (fp_text user %R (at 0 0) (layer F.Fab)
      (effects (font (size 0.5 0.5) (thickness 0.08)))
    )
    (pad 1 smd roundrect (at -0.95 0) (size 1 1.45) (layers F.Cu F.Paste F.Mask) (roundrect_rratio 0.25)
      (net 1 +3V3))
    (pad 2 smd roundrect (at 0.95 0) (size 1 1.45) (layers F.Cu F.Paste F.Mask) (roundrect_rratio 0.25)
      (net 2 GND))
    (model ${KISYS3DMOD}/Capacitor_SMD.3dshapes/C_0805_2012Metric.wrl
      (at (xyz 0 0 0))
      (scale (xyz 1 1 1))
      (rotate (xyz 0 0 0))
    )
  )

  (module Capacitor_SMD:C_0603_1608Metric (layer F.Cu) (tedit 5F68FEEE) (tstamp 5FEF8184)
    (at 223.012 94.488 270)
    (descr "Capacitor SMD 0603 (1608 Metric), square (rectangular) end terminal, IPC_7351 nominal, (Body size source: IPC-SM-782 page 76, https://www.pcb-3d.com/wordpress/wp-content/uploads/ipc-sm-782a_amendment_1_and_2.pdf), generated with kicad-footprint-generator")
    (tags capacitor)
    (path /5FE4AB89)
    (attr smd)
    (fp_text reference C2 (at 0 -1.43 90) (layer F.SilkS)
      (effects (font (size 1 1) (thickness 0.15)))
    )
    (fp_text value 100nF (at 0 1.43 90) (layer F.Fab)
      (effects (font (size 1 1) (thickness 0.15)))
    )
    (fp_line (start 1.48 0.73) (end -1.48 0.73) (layer F.CrtYd) (width 0.05))
    (fp_line (start 1.48 -0.73) (end 1.48 0.73) (layer F.CrtYd) (width 0.05))
    (fp_line (start -1.48 -0.73) (end 1.48 -0.73) (layer F.CrtYd) (width 0.05))
    (fp_line (start -1.48 0.73) (end -1.48 -0.73) (layer F.CrtYd) (width 0.05))
    (fp_line (start -0.14058 0.51) (end 0.14058 0.51) (layer F.SilkS) (width 0.12))
    (fp_line (start -0.14058 -0.51) (end 0.14058 -0.51) (layer F.SilkS) (width 0.12))
    (fp_line (start 0.8 0.4) (end -0.8 0.4) (layer F.Fab) (width 0.1))
    (fp_line (start 0.8 -0.4) (end 0.8 0.4) (layer F.Fab) (width 0.1))
    (fp_line (start -0.8 -0.4) (end 0.8 -0.4) (layer F.Fab) (width 0.1))
    (fp_line (start -0.8 0.4) (end -0.8 -0.4) (layer F.Fab) (width 0.1))
    (fp_text user %R (at 0 0 90) (layer F.Fab)
      (effects (font (size 0.4 0.4) (thickness 0.06)))
    )
    (pad 2 smd roundrect (at 0.775 0 270) (size 0.9 0.95) (layers F.Cu F.Paste F.Mask) (roundrect_rratio 0.25)
      (net 2 GND))
    (pad 1 smd roundrect (at -0.775 0 270) (size 0.9 0.95) (layers F.Cu F.Paste F.Mask) (roundrect_rratio 0.25)
      (net 1 +3V3))
    (model ${KISYS3DMOD}/Capacitor_SMD.3dshapes/C_0603_1608Metric.wrl
      (at (xyz 0 0 0))
      (scale (xyz 1 1 1))
      (rotate (xyz 0 0 0))
    )
  )

  (module Capacitor_SMD:C_0603_1608Metric (layer F.Cu) (tedit 5F68FEEE) (tstamp 5FEF8195)
    (at 228.092 102.616 180)
    (descr "Capacitor SMD 0603 (1608 Metric), square (rectangular) end terminal, IPC_7351 nominal, (Body size source: IPC-SM-782 page 76, https://www.pcb-3d.com/wordpress/wp-content/uploads/ipc-sm-782a_amendment_1_and_2.pdf), generated with kicad-footprint-generator")
    (tags capacitor)
    (path /5FE4BD83)
    (attr smd)
    (fp_text reference C3 (at 0 -1.43) (layer F.SilkS)
      (effects (font (size 1 1) (thickness 0.15)))
    )
    (fp_text value 100nF (at 0 1.43) (layer F.Fab)
      (effects (font (size 1 1) (thickness 0.15)))
    )
    (fp_line (start -0.8 0.4) (end -0.8 -0.4) (layer F.Fab) (width 0.1))
    (fp_line (start -0.8 -0.4) (end 0.8 -0.4) (layer F.Fab) (width 0.1))
    (fp_line (start 0.8 -0.4) (end 0.8 0.4) (layer F.Fab) (width 0.1))
    (fp_line (start 0.8 0.4) (end -0.8 0.4) (layer F.Fab) (width 0.1))
    (fp_line (start -0.14058 -0.51) (end 0.14058 -0.51) (layer F.SilkS) (width 0.12))
    (fp_line (start -0.14058 0.51) (end 0.14058 0.51) (layer F.SilkS) (width 0.12))
    (fp_line (start -1.48 0.73) (end -1.48 -0.73) (layer F.CrtYd) (width 0.05))
    (fp_line (start -1.48 -0.73) (end 1.48 -0.73) (layer F.CrtYd) (width 0.05))
    (fp_line (start 1.48 -0.73) (end 1.48 0.73) (layer F.CrtYd) (width 0.05))
    (fp_line (start 1.48 0.73) (end -1.48 0.73) (layer F.CrtYd) (width 0.05))
    (fp_text user %R (at 0 0) (layer F.Fab)
      (effects (font (size 0.4 0.4) (thickness 0.06)))
    )
    (pad 1 smd roundrect (at -0.775 0 180) (size 0.9 0.95) (layers F.Cu F.Paste F.Mask) (roundrect_rratio 0.25)
      (net 1 +3V3))
    (pad 2 smd roundrect (at 0.775 0 180) (size 0.9 0.95) (layers F.Cu F.Paste F.Mask) (roundrect_rratio 0.25)
      (net 2 GND))
    (model ${KISYS3DMOD}/Capacitor_SMD.3dshapes/C_0603_1608Metric.wrl
      (at (xyz 0 0 0))
      (scale (xyz 1 1 1))
      (rotate (xyz 0 0 0))
    )
  )

  (module Capacitor_SMD:C_0603_1608Metric (layer F.Cu) (tedit 5F68FEEE) (tstamp 5FF00636)
    (at 227.825 80.01)
    (descr "Capacitor SMD 0603 (1608 Metric), square (rectangular) end terminal, IPC_7351 nominal, (Body size source: IPC-SM-782 page 76, https://www.pcb-3d.com/wordpress/wp-content/uploads/ipc-sm-782a_amendment_1_and_2.pdf), generated with kicad-footprint-generator")
    (tags capacitor)
    (path /5FE4C1A6)
    (attr smd)
    (fp_text reference C4 (at 0 -1.43) (layer F.SilkS)
      (effects (font (size 1 1) (thickness 0.15)))
    )
    (fp_text value 100nF (at 0 1.43) (layer F.Fab)
      (effects (font (size 1 1) (thickness 0.15)))
    )
    (fp_line (start -0.8 0.4) (end -0.8 -0.4) (layer F.Fab) (width 0.1))
    (fp_line (start -0.8 -0.4) (end 0.8 -0.4) (layer F.Fab) (width 0.1))
    (fp_line (start 0.8 -0.4) (end 0.8 0.4) (layer F.Fab) (width 0.1))
    (fp_line (start 0.8 0.4) (end -0.8 0.4) (layer F.Fab) (width 0.1))
    (fp_line (start -0.14058 -0.51) (end 0.14058 -0.51) (layer F.SilkS) (width 0.12))
    (fp_line (start -0.14058 0.51) (end 0.14058 0.51) (layer F.SilkS) (width 0.12))
    (fp_line (start -1.48 0.73) (end -1.48 -0.73) (layer F.CrtYd) (width 0.05))
    (fp_line (start -1.48 -0.73) (end 1.48 -0.73) (layer F.CrtYd) (width 0.05))
    (fp_line (start 1.48 -0.73) (end 1.48 0.73) (layer F.CrtYd) (width 0.05))
    (fp_line (start 1.48 0.73) (end -1.48 0.73) (layer F.CrtYd) (width 0.05))
    (fp_text user %R (at 0 0) (layer F.Fab)
      (effects (font (size 0.4 0.4) (thickness 0.06)))
    )
    (pad 1 smd roundrect (at -0.775 0) (size 0.9 0.95) (layers F.Cu F.Paste F.Mask) (roundrect_rratio 0.25)
      (net 1 +3V3))
    (pad 2 smd roundrect (at 0.775 0) (size 0.9 0.95) (layers F.Cu F.Paste F.Mask) (roundrect_rratio 0.25)
      (net 2 GND))
    (model ${KISYS3DMOD}/Capacitor_SMD.3dshapes/C_0603_1608Metric.wrl
      (at (xyz 0 0 0))
      (scale (xyz 1 1 1))
      (rotate (xyz 0 0 0))
    )
  )

  (module Capacitor_SMD:C_0603_1608Metric (layer F.Cu) (tedit 5F68FEEE) (tstamp 5FEF81B7)
    (at 195.275001 63.685001)
    (descr "Capacitor SMD 0603 (1608 Metric), square (rectangular) end terminal, IPC_7351 nominal, (Body size source: IPC-SM-782 page 76, https://www.pcb-3d.com/wordpress/wp-content/uploads/ipc-sm-782a_amendment_1_and_2.pdf), generated with kicad-footprint-generator")
    (tags capacitor)
    (path /5FE4C528)
    (attr smd)
    (fp_text reference C5 (at 0 -1.43) (layer F.SilkS)
      (effects (font (size 1 1) (thickness 0.15)))
    )
    (fp_text value 100nF (at 0 1.43) (layer F.Fab)
      (effects (font (size 1 1) (thickness 0.15)))
    )
    (fp_line (start 1.48 0.73) (end -1.48 0.73) (layer F.CrtYd) (width 0.05))
    (fp_line (start 1.48 -0.73) (end 1.48 0.73) (layer F.CrtYd) (width 0.05))
    (fp_line (start -1.48 -0.73) (end 1.48 -0.73) (layer F.CrtYd) (width 0.05))
    (fp_line (start -1.48 0.73) (end -1.48 -0.73) (layer F.CrtYd) (width 0.05))
    (fp_line (start -0.14058 0.51) (end 0.14058 0.51) (layer F.SilkS) (width 0.12))
    (fp_line (start -0.14058 -0.51) (end 0.14058 -0.51) (layer F.SilkS) (width 0.12))
    (fp_line (start 0.8 0.4) (end -0.8 0.4) (layer F.Fab) (width 0.1))
    (fp_line (start 0.8 -0.4) (end 0.8 0.4) (layer F.Fab) (width 0.1))
    (fp_line (start -0.8 -0.4) (end 0.8 -0.4) (layer F.Fab) (width 0.1))
    (fp_line (start -0.8 0.4) (end -0.8 -0.4) (layer F.Fab) (width 0.1))
    (fp_text user %R (at 0 0) (layer F.Fab)
      (effects (font (size 0.4 0.4) (thickness 0.06)))
    )
    (pad 2 smd roundrect (at 0.775 0) (size 0.9 0.95) (layers F.Cu F.Paste F.Mask) (roundrect_rratio 0.25)
      (net 2 GND))
    (pad 1 smd roundrect (at -0.775 0) (size 0.9 0.95) (layers F.Cu F.Paste F.Mask) (roundrect_rratio 0.25)
      (net 1 +3V3))
    (model ${KISYS3DMOD}/Capacitor_SMD.3dshapes/C_0603_1608Metric.wrl
      (at (xyz 0 0 0))
      (scale (xyz 1 1 1))
      (rotate (xyz 0 0 0))
    )
  )

  (module Capacitor_SMD:C_0603_1608Metric (layer F.Cu) (tedit 5F68FEEE) (tstamp 5FEF81C8)
    (at 207.585001 55.145001)
    (descr "Capacitor SMD 0603 (1608 Metric), square (rectangular) end terminal, IPC_7351 nominal, (Body size source: IPC-SM-782 page 76, https://www.pcb-3d.com/wordpress/wp-content/uploads/ipc-sm-782a_amendment_1_and_2.pdf), generated with kicad-footprint-generator")
    (tags capacitor)
    (path /5FE4C7A7)
    (attr smd)
    (fp_text reference C6 (at 0 -1.43) (layer F.SilkS)
      (effects (font (size 1 1) (thickness 0.15)))
    )
    (fp_text value 100nF (at 0 1.43) (layer F.Fab)
      (effects (font (size 1 1) (thickness 0.15)))
    )
    (fp_line (start -0.8 0.4) (end -0.8 -0.4) (layer F.Fab) (width 0.1))
    (fp_line (start -0.8 -0.4) (end 0.8 -0.4) (layer F.Fab) (width 0.1))
    (fp_line (start 0.8 -0.4) (end 0.8 0.4) (layer F.Fab) (width 0.1))
    (fp_line (start 0.8 0.4) (end -0.8 0.4) (layer F.Fab) (width 0.1))
    (fp_line (start -0.14058 -0.51) (end 0.14058 -0.51) (layer F.SilkS) (width 0.12))
    (fp_line (start -0.14058 0.51) (end 0.14058 0.51) (layer F.SilkS) (width 0.12))
    (fp_line (start -1.48 0.73) (end -1.48 -0.73) (layer F.CrtYd) (width 0.05))
    (fp_line (start -1.48 -0.73) (end 1.48 -0.73) (layer F.CrtYd) (width 0.05))
    (fp_line (start 1.48 -0.73) (end 1.48 0.73) (layer F.CrtYd) (width 0.05))
    (fp_line (start 1.48 0.73) (end -1.48 0.73) (layer F.CrtYd) (width 0.05))
    (fp_text user %R (at 0 0) (layer F.Fab)
      (effects (font (size 0.4 0.4) (thickness 0.06)))
    )
    (pad 1 smd roundrect (at -0.775 0) (size 0.9 0.95) (layers F.Cu F.Paste F.Mask) (roundrect_rratio 0.25)
      (net 1 +3V3))
    (pad 2 smd roundrect (at 0.775 0) (size 0.9 0.95) (layers F.Cu F.Paste F.Mask) (roundrect_rratio 0.25)
      (net 2 GND))
    (model ${KISYS3DMOD}/Capacitor_SMD.3dshapes/C_0603_1608Metric.wrl
      (at (xyz 0 0 0))
      (scale (xyz 1 1 1))
      (rotate (xyz 0 0 0))
    )
  )

  (module Capacitor_SMD:C_0603_1608Metric (layer F.Cu) (tedit 5F68FEEE) (tstamp 5FF006BA)
    (at 241.3 101.092)
    (descr "Capacitor SMD 0603 (1608 Metric), square (rectangular) end terminal, IPC_7351 nominal, (Body size source: IPC-SM-782 page 76, https://www.pcb-3d.com/wordpress/wp-content/uploads/ipc-sm-782a_amendment_1_and_2.pdf), generated with kicad-footprint-generator")
    (tags capacitor)
    (path /5FE4CA0C)
    (attr smd)
    (fp_text reference C7 (at 0 -1.43) (layer F.SilkS)
      (effects (font (size 1 1) (thickness 0.15)))
    )
    (fp_text value 100nF (at 0 1.43) (layer F.Fab)
      (effects (font (size 1 1) (thickness 0.15)))
    )
    (fp_line (start -0.8 0.4) (end -0.8 -0.4) (layer F.Fab) (width 0.1))
    (fp_line (start -0.8 -0.4) (end 0.8 -0.4) (layer F.Fab) (width 0.1))
    (fp_line (start 0.8 -0.4) (end 0.8 0.4) (layer F.Fab) (width 0.1))
    (fp_line (start 0.8 0.4) (end -0.8 0.4) (layer F.Fab) (width 0.1))
    (fp_line (start -0.14058 -0.51) (end 0.14058 -0.51) (layer F.SilkS) (width 0.12))
    (fp_line (start -0.14058 0.51) (end 0.14058 0.51) (layer F.SilkS) (width 0.12))
    (fp_line (start -1.48 0.73) (end -1.48 -0.73) (layer F.CrtYd) (width 0.05))
    (fp_line (start -1.48 -0.73) (end 1.48 -0.73) (layer F.CrtYd) (width 0.05))
    (fp_line (start 1.48 -0.73) (end 1.48 0.73) (layer F.CrtYd) (width 0.05))
    (fp_line (start 1.48 0.73) (end -1.48 0.73) (layer F.CrtYd) (width 0.05))
    (fp_text user %R (at 0 0) (layer F.Fab)
      (effects (font (size 0.4 0.4) (thickness 0.06)))
    )
    (pad 1 smd roundrect (at -0.775 0) (size 0.9 0.95) (layers F.Cu F.Paste F.Mask) (roundrect_rratio 0.25)
      (net 1 +3V3))
    (pad 2 smd roundrect (at 0.775 0) (size 0.9 0.95) (layers F.Cu F.Paste F.Mask) (roundrect_rratio 0.25)
      (net 2 GND))
    (model ${KISYS3DMOD}/Capacitor_SMD.3dshapes/C_0603_1608Metric.wrl
      (at (xyz 0 0 0))
      (scale (xyz 1 1 1))
      (rotate (xyz 0 0 0))
    )
  )

  (module Capacitor_SMD:C_0603_1608Metric (layer F.Cu) (tedit 5F68FEEE) (tstamp 5FEF81EA)
    (at 242.57 83.82)
    (descr "Capacitor SMD 0603 (1608 Metric), square (rectangular) end terminal, IPC_7351 nominal, (Body size source: IPC-SM-782 page 76, https://www.pcb-3d.com/wordpress/wp-content/uploads/ipc-sm-782a_amendment_1_and_2.pdf), generated with kicad-footprint-generator")
    (tags capacitor)
    (path /5FE4D1A6)
    (attr smd)
    (fp_text reference C8 (at 0 -1.43) (layer F.SilkS)
      (effects (font (size 1 1) (thickness 0.15)))
    )
    (fp_text value 100nF (at 0 1.43) (layer F.Fab)
      (effects (font (size 1 1) (thickness 0.15)))
    )
    (fp_line (start 1.48 0.73) (end -1.48 0.73) (layer F.CrtYd) (width 0.05))
    (fp_line (start 1.48 -0.73) (end 1.48 0.73) (layer F.CrtYd) (width 0.05))
    (fp_line (start -1.48 -0.73) (end 1.48 -0.73) (layer F.CrtYd) (width 0.05))
    (fp_line (start -1.48 0.73) (end -1.48 -0.73) (layer F.CrtYd) (width 0.05))
    (fp_line (start -0.14058 0.51) (end 0.14058 0.51) (layer F.SilkS) (width 0.12))
    (fp_line (start -0.14058 -0.51) (end 0.14058 -0.51) (layer F.SilkS) (width 0.12))
    (fp_line (start 0.8 0.4) (end -0.8 0.4) (layer F.Fab) (width 0.1))
    (fp_line (start 0.8 -0.4) (end 0.8 0.4) (layer F.Fab) (width 0.1))
    (fp_line (start -0.8 -0.4) (end 0.8 -0.4) (layer F.Fab) (width 0.1))
    (fp_line (start -0.8 0.4) (end -0.8 -0.4) (layer F.Fab) (width 0.1))
    (fp_text user %R (at 0 0) (layer F.Fab)
      (effects (font (size 0.4 0.4) (thickness 0.06)))
    )
    (pad 2 smd roundrect (at 0.775 0) (size 0.9 0.95) (layers F.Cu F.Paste F.Mask) (roundrect_rratio 0.25)
      (net 2 GND))
    (pad 1 smd roundrect (at -0.775 0) (size 0.9 0.95) (layers F.Cu F.Paste F.Mask) (roundrect_rratio 0.25)
      (net 1 +3V3))
    (model ${KISYS3DMOD}/Capacitor_SMD.3dshapes/C_0603_1608Metric.wrl
      (at (xyz 0 0 0))
      (scale (xyz 1 1 1))
      (rotate (xyz 0 0 0))
    )
  )

  (module Capacitor_SMD:C_0402_1005Metric (layer F.Cu) (tedit 5F68FEEE) (tstamp 5FEF81FB)
    (at 328.93 62.23)
    (descr "Capacitor SMD 0402 (1005 Metric), square (rectangular) end terminal, IPC_7351 nominal, (Body size source: IPC-SM-782 page 76, https://www.pcb-3d.com/wordpress/wp-content/uploads/ipc-sm-782a_amendment_1_and_2.pdf), generated with kicad-footprint-generator")
    (tags capacitor)
    (path /5FE2B6A9)
    (attr smd)
    (fp_text reference C9 (at 0 -1.16) (layer F.SilkS)
      (effects (font (size 1 1) (thickness 0.15)))
    )
    (fp_text value 1uF (at 0 1.16) (layer F.Fab)
      (effects (font (size 1 1) (thickness 0.15)))
    )
    (fp_line (start -0.5 0.25) (end -0.5 -0.25) (layer F.Fab) (width 0.1))
    (fp_line (start -0.5 -0.25) (end 0.5 -0.25) (layer F.Fab) (width 0.1))
    (fp_line (start 0.5 -0.25) (end 0.5 0.25) (layer F.Fab) (width 0.1))
    (fp_line (start 0.5 0.25) (end -0.5 0.25) (layer F.Fab) (width 0.1))
    (fp_line (start -0.107836 -0.36) (end 0.107836 -0.36) (layer F.SilkS) (width 0.12))
    (fp_line (start -0.107836 0.36) (end 0.107836 0.36) (layer F.SilkS) (width 0.12))
    (fp_line (start -0.91 0.46) (end -0.91 -0.46) (layer F.CrtYd) (width 0.05))
    (fp_line (start -0.91 -0.46) (end 0.91 -0.46) (layer F.CrtYd) (width 0.05))
    (fp_line (start 0.91 -0.46) (end 0.91 0.46) (layer F.CrtYd) (width 0.05))
    (fp_line (start 0.91 0.46) (end -0.91 0.46) (layer F.CrtYd) (width 0.05))
    (fp_text user %R (at 0 0) (layer F.Fab)
      (effects (font (size 0.25 0.25) (thickness 0.04)))
    )
    (pad 1 smd roundrect (at -0.48 0) (size 0.56 0.62) (layers F.Cu F.Paste F.Mask) (roundrect_rratio 0.25)
      (net 3 +3.3VA))
